CL-CEASD-2008-V-A 0 0 0 33 21 684 738
CL-CEASD-2008-V-B 0 0 0 31 30 675 736
CL-CECL-2011-M-A 0 0 0 40 21 738 799
CL-CECL-2011-M-B 0 0 0 33 27 720 780
CL-CECL-2011-N-A 0 0 0 23 9 612 644
CL-CECL-2011-V-A 0 0 0 47 12 756 815
CM-CECM-2011-M 0 0 0 77 45 1215 1337
CM-CECM-2011-N 0 100000 0 40 45 603 100688
CM-CECM-2011-V 0 100000 0 32 33 792 100857
CM-CEDB-2010-N 0 0 0 14 3 288 305
CM-CEUP-2008-V 0 0 0 62 30 954 1046
CM-CEUP-2011-M 0 200000 0 81 66 954 201101
CM-CEUP-2011-N 0 0 0 14 15 243 272
CM-CEUP-2011-V 0 0 0 58 48 900 1006
FA-EEF-2011-M 0 0 0 8 15 243 266
JNS-CEDPII-2011-M 0 0 0 18 9 477 504
JNS-CEDPII-2011-V 0 0 0 13 6 450 469
JNS-CEJXXIII-2011-M 0 0 0 10 9 306 325
JNS-CEJXXIII-2011-N 0 0 0 9 3 243 255
JNS-CEJXXIII-2011-V 0 0 0 10 6 324 340
MGA-CEDC-2011-M 0 0 0 58 30 1026 1114
MGA-CEDC-2011-V 0 200000 0 29 18 711 200758
MGA-CEGV-2011-M 0 0 0 129 57 1872 2058
MGA-CEGV-2011-V 0 200000 10000 109 81 2025 212215
MGA-CEJXXIII-2010-V 0 0 0 61 24 900 985
MGA-CEVB-2011-M 0 0 0 18 18 576 612
MGA-CEVB-2011-V 0 0 0 20 15 540 575
NE-CESVP-2011-M-A 0 0 0 56 27 1143 1226
NE-CESVP-2011-M-B 0 0 0 57 42 1125 1224
NE-CESVP-2011-M-C 0 0 0 58 24 1161 1243
NE-CESVP-2011-M-D 0 0 0 58 33 1152 1243
NE-CESVP-2011-V-A 0 0 0 56 42 1026 1124
NE-CESVP-2011-V-B 0 0 0 47 42 1008 1097
NE-CESVP-2011-V-C 0 0 0 44 27 1053 1124
