CL-CEASD-2008-V-A 0 0 0 28 15 684 727
CL-CEASD-2008-V-B 0 0 0 30 18 675 723
CL-CECL-2011-M-A 0 0 0 39 27 729 795
CL-CECL-2011-M-B 0 0 0 39 21 720 780
CL-CECL-2011-N-A 0 0 0 26 12 603 641
CL-CECL-2011-V-A 0 0 0 45 6 765 816
CM-CECM-2011-M 0 100000 0 92 51 1197 101340
CM-CECM-2011-N 0 0 0 43 33 630 706
CM-CECM-2011-V 0 100000 0 32 33 783 100848
CM-CEDB-2010-N 0 0 0 11 3 288 302
CM-CEUP-2008-V 0 0 0 68 30 963 1061
CM-CEUP-2011-M 0 200000 0 73 54 945 201072
CM-CEUP-2011-N 0 0 0 11 15 243 269
CM-CEUP-2011-V 0 100000 0 52 45 900 100997
FA-EEF-2011-M 0 0 0 8 18 234 260
JNS-CEDPII-2011-M 0 0 0 16 6 486 508
JNS-CEDPII-2011-V 0 0 0 13 9 450 472
JNS-CEJXXIII-2011-M 0 0 0 11 3 315 329
JNS-CEJXXIII-2011-N 0 0 0 8 3 243 254
JNS-CEJXXIII-2011-V 0 0 0 15 12 306 333
MGA-CEDC-2011-M 0 0 0 64 30 1026 1120
MGA-CEDC-2011-V 0 200000 0 33 21 702 200756
MGA-CEGV-2011-M 0 100000 0 122 66 1890 102078
MGA-CEGV-2011-V 0 300000 0 141 87 2025 302253
MGA-CEJXXIII-2010-V 0 0 0 66 21 909 996
MGA-CEVB-2011-M 0 0 0 20 18 576 614
MGA-CEVB-2011-V 0 0 0 20 12 540 572
NE-CESVP-2011-M-A 0 0 0 66 30 1125 1221
NE-CESVP-2011-M-B 0 0 0 56 36 1116 1208
NE-CESVP-2011-M-C 0 0 0 61 36 1116 1213
NE-CESVP-2011-M-D 0 0 0 57 33 1152 1242
NE-CESVP-2011-V-A 0 0 0 54 36 999 1089
NE-CESVP-2011-V-B 0 0 0 46 36 1017 1099
NE-CESVP-2011-V-C 0 0 0 40 51 1026 1117
