CL-CEASD-2008-V-A 0 0 0 32 21 675 728
CL-CEASD-2008-V-B 0 0 0 35 18 684 737
CL-CECL-2011-M-A 0 0 0 44 18 720 782
CL-CECL-2011-M-B 0 0 0 38 18 729 785
CL-CECL-2011-N-A 0 0 0 21 18 603 642
CL-CECL-2011-V-A 0 0 0 46 9 747 802
CM-CECM-2011-M 0 100000 0 88 39 1224 101351
CM-CECM-2011-N 0 100000 0 40 33 603 100676
CM-CECM-2011-V 0 0 0 32 27 792 851
CM-CEDB-2010-N 0 0 0 10 0 288 298
CM-CEUP-2008-V 0 0 0 68 27 972 1067
CM-CEUP-2011-M 0 300000 0 67 63 954 301084
CM-CEUP-2011-N 0 100000 0 9 15 243 100267
CM-CEUP-2011-V 0 0 0 41 45 891 977
FA-EEF-2011-M 0 0 0 6 15 234 255
JNS-CEDPII-2011-M 0 0 0 20 12 468 500
JNS-CEDPII-2011-V 0 0 0 14 6 450 470
JNS-CEJXXIII-2011-M 0 0 0 13 0 315 328
JNS-CEJXXIII-2011-N 0 0 0 8 3 243 254
JNS-CEJXXIII-2011-V 0 0 0 13 6 324 343
MGA-CEDC-2011-M 0 0 0 64 24 1017 1105
MGA-CEDC-2011-V 0 100000 0 34 21 720 100775
MGA-CEGV-2011-M 0 0 0 126 69 1836 2031
MGA-CEGV-2011-V 0 100000 0 133 66 2007 102206
MGA-CEJXXIII-2010-V 0 0 0 49 21 918 988
MGA-CEVB-2011-M 0 0 0 19 9 576 604
MGA-CEVB-2011-V 0 0 0 14 9 540 563
NE-CESVP-2011-M-A 0 0 0 56 30 1134 1220
NE-CESVP-2011-M-B 0 0 0 61 51 1116 1228
NE-CESVP-2011-M-C 0 0 0 65 39 1107 1211
NE-CESVP-2011-M-D 0 0 0 58 27 1152 1237
NE-CESVP-2011-V-A 0 0 0 50 27 1017 1094
NE-CESVP-2011-V-B 0 0 0 44 33 1026 1103
NE-CESVP-2011-V-C 0 0 0 48 45 1008 1101
