CL-CEASD-2008-V-A 0 0 0 50 30 684 764
CL-CEASD-2008-V-B 0 0 0 48 24 729 801
CL-CECL-2011-M-A 0 0 0 45 30 774 849
CL-CECL-2011-M-B 0 0 0 48 18 765 831
CL-CECL-2011-N-A 0 0 0 37 27 621 685
CL-CECL-2011-V-A 0 0 0 68 12 801 881
CM-CECM-2011-M 0 0 10000 125 60 1215 11400
CM-CECM-2011-N 0 0 0 52 39 621 712
CM-CECM-2011-V 0 0 10000 45 36 783 10864
CM-CEDB-2010-N 0 0 0 16 0 297 313
CM-CEUP-2008-V 0 100000 0 83 27 945 101055
CM-CEUP-2011-M 100000 0 0 85 57 954 101096
CM-CEUP-2011-N 0 0 0 14 15 243 272
CM-CEUP-2011-V 100000 100000 0 69 57 891 201017
FA-EEF-2011-M 0 0 0 9 18 234 261
JNS-CEDPII-2011-M 0 0 0 30 12 486 528
JNS-CEDPII-2011-V 0 0 0 23 9 477 509
JNS-CEJXXIII-2011-M 0 0 0 23 12 315 350
JNS-CEJXXIII-2011-N 0 0 0 11 6 243 260
JNS-CEJXXIII-2011-V 0 0 0 18 6 324 348
MGA-CEDC-2011-M 0 0 10000 80 39 1008 11127
MGA-CEDC-2011-V 100000 0 10000 46 33 684 110763
MGA-CEGV-2011-M 0 0 10000 150 54 1845 12049
MGA-CEGV-2011-V 0 0 0 146 63 2007 2216
MGA-CEJXXIII-2010-V 0 0 10000 82 9 945 11036
MGA-CEVB-2011-M 0 0 0 34 18 585 637
MGA-CEVB-2011-V 0 0 0 27 15 540 582
NE-CESVP-2011-M-A 0 0 0 78 51 1134 1263
NE-CESVP-2011-M-B 0 0 0 71 45 1179 1295
NE-CESVP-2011-M-C 0 0 0 73 30 1197 1300
NE-CESVP-2011-M-D 0 0 0 87 48 1170 1305
NE-CESVP-2011-V-A 0 0 0 58 42 1044 1144
NE-CESVP-2011-V-B 0 0 0 76 36 1080 1192
NE-CESVP-2011-V-C 0 0 0 66 42 1071 1179
