CL-CEASD-2008-V-A 0 0 0 36 15 693 744
CL-CEASD-2008-V-B 0 0 0 28 33 666 727
CL-CECL-2011-M-A 0 0 0 34 21 738 793
CL-CECL-2011-M-B 0 0 0 37 21 720 778
CL-CECL-2011-N-A 0 0 0 27 15 603 645
CL-CECL-2011-V-A 0 0 0 43 21 765 829
CM-CECM-2011-M 0 200000 0 79 54 1233 201366
CM-CECM-2011-N 0 100000 0 41 36 612 100689
CM-CECM-2011-V 0 0 0 42 30 783 855
CM-CEDB-2010-N 0 0 0 12 3 288 303
CM-CEUP-2008-V 0 0 0 63 27 963 1053
CM-CEUP-2011-M 0 200000 0 79 51 954 201084
CM-CEUP-2011-N 0 0 0 14 15 243 272
CM-CEUP-2011-V 100000 100000 10000 39 57 891 210987
FA-EEF-2011-M 0 0 0 7 15 243 265
JNS-CEDPII-2011-M 0 0 0 13 9 477 499
JNS-CEDPII-2011-V 0 0 0 10 6 459 475
JNS-CEJXXIII-2011-M 0 0 0 11 0 315 326
JNS-CEJXXIII-2011-N 0 0 0 8 6 243 257
JNS-CEJXXIII-2011-V 0 0 0 14 3 315 332
MGA-CEDC-2011-M 0 0 0 67 30 1035 1132
MGA-CEDC-2011-V 0 100000 0 34 21 711 100766
MGA-CEGV-2011-M 0 0 10000 108 57 1872 12037
MGA-CEGV-2011-V 0 300000 0 142 45 2007 302194
MGA-CEJXXIII-2010-V 0 0 0 60 27 891 978
MGA-CEVB-2011-M 0 0 0 22 12 567 601
MGA-CEVB-2011-V 0 0 0 18 9 540 567
NE-CESVP-2011-M-A 0 0 0 61 33 1116 1210
NE-CESVP-2011-M-B 0 0 0 52 33 1134 1219
NE-CESVP-2011-M-C 0 0 0 58 30 1125 1213
NE-CESVP-2011-M-D 0 0 0 63 51 1116 1230
NE-CESVP-2011-V-A 0 0 0 48 30 1035 1113
NE-CESVP-2011-V-B 0 0 0 52 42 1035 1129
NE-CESVP-2011-V-C 0 0 0 47 42 1035 1124
