CL-CEASD-2008-V-A 0 0 0 30 30 693 753
CL-CEASD-2008-V-B 0 0 0 49 33 693 775
CL-CECL-2011-M-A 0 0 0 55 39 738 832
CL-CECL-2011-M-B 0 0 0 37 18 747 802
CL-CECL-2011-N-A 0 0 0 52 15 639 706
CL-CECL-2011-V-A 0 0 0 61 12 765 838
CM-CECM-2011-M 0 100000 10000 108 48 1197 111353
CM-CECM-2011-N 0 0 20000 51 45 639 20735
CM-CECM-2011-V 0 0 0 43 36 810 889
CM-CEDB-2010-N 0 0 0 23 15 288 326
CM-CEUP-2008-V 0 0 10000 94 36 981 11111
CM-CEUP-2011-M 0 0 0 89 63 954 1106
CM-CEUP-2011-N 0 0 0 13 15 243 271
CM-CEUP-2011-V 100000 0 0 63 60 891 101014
FA-EEF-2011-M 0 0 0 13 21 234 268
JNS-CEDPII-2011-M 0 0 0 23 15 504 542
JNS-CEDPII-2011-V 0 0 0 18 9 477 504
JNS-CEJXXIII-2011-M 0 0 0 17 12 315 344
JNS-CEJXXIII-2011-N 0 0 0 11 6 243 260
JNS-CEJXXIII-2011-V 0 0 0 21 15 315 351
MGA-CEDC-2011-M 0 200000 0 84 27 1035 201146
MGA-CEDC-2011-V 100000 0 0 43 30 693 100766
MGA-CEGV-2011-M 0 0 10000 154 60 1827 12041
MGA-CEGV-2011-V 100000 0 20000 164 87 1998 122249
MGA-CEJXXIII-2010-V 0 0 0 81 30 927 1038
MGA-CEVB-2011-M 0 0 0 32 18 576 626
MGA-CEVB-2011-V 0 0 0 31 18 540 589
NE-CESVP-2011-M-A 0 0 0 68 48 1143 1259
NE-CESVP-2011-M-B 0 0 0 73 51 1134 1258
NE-CESVP-2011-M-C 0 0 0 69 42 1206 1317
NE-CESVP-2011-M-D 0 0 0 78 39 1170 1287
NE-CESVP-2011-V-A 0 0 0 58 48 1044 1150
NE-CESVP-2011-V-B 0 0 0 65 36 1071 1172
NE-CESVP-2011-V-C 0 0 0 60 39 1035 1134
