CL-CEASD-2008-V-A 0 0 0 48 24 720 792
CL-CEASD-2008-V-B 0 0 0 55 24 702 781
CL-CECL-2011-M-A 0 0 0 46 12 765 823
CL-CECL-2011-M-B 0 0 0 67 27 729 823
CL-CECL-2011-N-A 0 0 0 36 24 612 672
CL-CECL-2011-V-A 0 0 0 71 27 774 872
CM-CECM-2011-M 0 0 0 111 78 1197 1386
CM-CECM-2011-N 0 0 0 51 45 630 726
CM-CECM-2011-V 0 0 0 59 45 792 896
CM-CEDB-2010-N 0 0 0 19 3 306 328
CM-CEUP-2008-V 0 0 0 82 36 1017 1135
CM-CEUP-2011-M 0 100000 10000 85 72 945 111102
CM-CEUP-2011-N 0 0 0 11 15 243 269
CM-CEUP-2011-V 0 0 10000 58 54 891 11003
FA-EEF-2011-M 0 0 0 15 24 234 273
JNS-CEDPII-2011-M 0 0 0 24 24 504 552
JNS-CEDPII-2011-V 0 0 0 27 18 468 513
JNS-CEJXXIII-2011-M 0 0 0 21 12 333 366
JNS-CEJXXIII-2011-N 0 0 0 13 3 243 259
JNS-CEJXXIII-2011-V 0 0 0 20 6 333 359
MGA-CEDC-2011-M 100000 0 0 83 48 1017 101148
MGA-CEDC-2011-V 100000 0 0 44 39 702 100785
MGA-CEGV-2011-M 0 0 10000 140 69 1827 12036
MGA-CEGV-2011-V 0 0 10000 143 63 1998 12204
MGA-CEJXXIII-2010-V 0 0 0 75 30 936 1041
MGA-CEVB-2011-M 0 0 0 27 27 567 621
MGA-CEVB-2011-V 0 0 0 22 24 540 586
NE-CESVP-2011-M-A 0 0 0 75 51 1134 1260
NE-CESVP-2011-M-B 0 0 0 76 36 1125 1237
NE-CESVP-2011-M-C 0 0 0 87 36 1170 1293
NE-CESVP-2011-M-D 0 0 0 70 36 1179 1285
NE-CESVP-2011-V-A 0 0 0 53 30 1044 1127
NE-CESVP-2011-V-B 0 0 0 67 42 1053 1162
NE-CESVP-2011-V-C 0 0 0 55 36 1044 1135
