CL-CEASD-2008-V-A 0 0 0 38 33 693 764
CL-CEASD-2008-V-B 0 0 0 43 21 711 775
CL-CECL-2011-M-A 0 0 0 55 30 738 823
CL-CECL-2011-M-B 0 0 0 48 21 756 825
CL-CECL-2011-N-A 0 0 0 39 27 621 687
CL-CECL-2011-V-A 0 0 0 69 27 774 870
CM-CECM-2011-M 0 0 0 107 60 1197 1364
CM-CECM-2011-N 0 0 0 59 45 612 716
CM-CECM-2011-V 0 0 10000 45 21 783 10849
CM-CEDB-2010-N 0 0 0 16 6 288 310
CM-CEUP-2008-V 0 100000 0 89 36 981 101106
CM-CEUP-2011-M 0 100000 0 96 60 963 101119
CM-CEUP-2011-N 0 0 0 13 15 243 271
CM-CEUP-2011-V 100000 0 0 64 57 882 101003
FA-EEF-2011-M 0 0 0 12 15 234 261
JNS-CEDPII-2011-M 0 0 0 25 21 513 559
JNS-CEDPII-2011-V 0 0 0 18 15 486 519
JNS-CEJXXIII-2011-M 0 0 0 21 18 306 345
JNS-CEJXXIII-2011-N 0 0 0 16 0 252 268
JNS-CEJXXIII-2011-V 0 0 0 22 6 306 334
MGA-CEDC-2011-M 0 0 0 69 39 1017 1125
MGA-CEDC-2011-V 0 0 0 52 33 702 787
MGA-CEGV-2011-M 0 0 10000 150 60 1818 12028
MGA-CEGV-2011-V 100000 200000 40000 288 132 2025 342445
MGA-CEJXXIII-2010-V 0 0 0 86 21 927 1034
MGA-CEVB-2011-M 0 0 0 31 18 585 634
MGA-CEVB-2011-V 0 0 10000 32 15 540 10587
NE-CESVP-2011-M-A 0 0 0 78 21 1197 1296
NE-CESVP-2011-M-B 0 0 0 72 45 1143 1260
NE-CESVP-2011-M-C 0 0 0 68 33 1188 1289
NE-CESVP-2011-M-D 0 0 0 67 27 1188 1282
NE-CESVP-2011-V-A 0 0 0 53 42 1053 1148
NE-CESVP-2011-V-B 0 0 0 73 30 1089 1192
NE-CESVP-2011-V-C 0 0 0 66 42 1044 1152
